% -------------------------------------------------------------------
%  Generated by MATLAB on 6-Feb-2019 18:57:35
%  MATLAB version: 9.3.0.948333 (R2017b) Update 9
% -------------------------------------------------------------------
                                     

gc = -32.2;

m = -3.1677018633540368;

mlbm = 102;

CD=-2;
