% -------------------------------------------------------------------
%  Generated by MATLAB on 6-Feb-2019 19:56:37
%  MATLAB version: 9.3.0.948333 (R2017b) Update 9
% -------------------------------------------------------------------
                                      

CD = -2;

gc = -32.2;

m = -3.1677018633540368;

mlbm = 102;

tout = [0; 0.010047545726038319; 0.060285274356229913; 0.26028527435622995; ...
        0.46028527435622996; 0.66028527435623; 0.86028527435622992; 1.0602852743562299; ...
        1.2602852743562298; 1.4602852743562298; 1.6602852743562297; 1.8602852743562297; ...
        2.0602852743562297; 2.26028527435623; 2.46028527435623; 2.66028527435623; ...
        2.8602852743562304; 3.0602852743562305; 3.2602852743562307; 3.4602852743562309; ...
        3.6602852743562311; 3.8602852743562313; 4.0602852743562314; 4.2602852743562316; ...
        4.4602852743562318; 4.660285274356232; 4.8602852743562321; 5.0602852743562323; ...
        5.2602852743562325; 5.4602852743562327; 5.6602852743562329; 5.860285274356233; ...
        6.0602852743562332; 6.2602852743562334; 6.4602852743562336; 6.6602852743562337; ...
        6.8602852743562339; 7.0602852743562341; 7.2602852743562343; 7.4602852743562345; ...
        7.6602852743562346; 7.8602852743562348; 8.0602852743562341; 8.2602852743562334; ...
        8.4602852743562327; 8.660285274356232; 8.8602852743562313; 9.06028527435623; ...
        9.26028527435623; 9.46028527435623; 9.6602852743562284; 9.8602852743562277; ...
        10];

