% -------------------------------------------------------------------
%  Generated by MATLAB on 2-Feb-2019 21:27:45
%  MATLAB version: 9.3.0.948333 (R2017b) Update 9
% -------------------------------------------------------------------
                               

DATA = ...
  [2 7 9 7;
   3 1 5 6;
   8 1 2 5];

